bounding_box:
  xmax: 0.9114750018083272
  xmin: -0.006921518806296767
  ymax: 0.5248047904018219
  ymin: -3.428673380989622e-06
  zmax: 0.061524059809966225
  zmin: -0.009225640259461265
open_dir: -1
