has_handle: true
pos:
  x: 0.873968446717005
  y: 0.2620608884787312
  z: 0.04678126497994206
