bounding_box:
- min_x: 0.015989802255578056
- max_x: -0.06590819774442194
- min_y: -0.01316180869451062
- max_y: 0.013138191305489377
- min_z: -0.10774600000000042
- max_z: -4.3021142204224816e-16
