bounding_box:
- min_x: 0.04284317339868288
- max_x: -0.03125282660131712
- min_y: -0.019505913752527346
- max_y: 0.02371108624747266
- min_z: -0.040943922699172824
- max_z: 0.06533207730082717
