bounding_box:
- min_x: 0.06529474695079993
- max_x: -0.043221253049200076
- min_y: -0.02484404307202273
- max_y: 0.01903395692797727
- min_z: -0.04461072962483925
- max_z: 0.06235327037516075
