bounding_box:
  xmax: 0.47118033457777025
  xmin: -0.007657455366602783
  ymax: -0.1954434961080551
  ymin: -0.7986237108707428
  zmax: 0.053154371315181165
  zmin: -0.010870437687695134
open_dir: -1
