has_handle: true
pos:
  x: 0.430743255323527
  y: -0.42921793982386586
  z: 0.032409879036022465
