bounding_box:
- min_x: 0.022733500000000018
- max_x: -0.022731500000000016
- min_y: -0.0215945
- max_y: 0.0238675
- min_z: -0.064162
- max_z: 0.079304
