bounding_box:
  xmax: 0.007128429266078262
  xmin: -0.4717086512200405
  ymax: -0.1954434961080551
  ymin: -0.7986237108707428
  zmax: 0.05505556588739391
  zmin: -0.00896924311548239
open_dir: 1
