has_handle: true
pos:
  x: -0.43127217745024404
  y: -0.42921793982386586
  z: 0.03431107360823521
